Opdracht B

TimeLimit was =  600 seconds per genome
Completed genomes = 82

swaps:

Max =  19
Min =  14
Mean =  16.9390243902

Time (seconds):

Max =  566.08
Min =  0.1
Mean =  23.7295121951

Visited:

Max =  6587
Min =  21
Mean =  661.414634146

swap_list:  [17, 18, 17, 17, 15, 17, 17, 18, 17, 14, 16, 17, 17, 18, 18, 17, 18, 17, 18, 17, 18, 18, 14, 16, 16, 17, 17, 18, 16, 17, 18, 16, 17, 18, 16, 17, 16, 17, 18, 17, 16, 17, 16, 17, 18, 16, 18, 17, 15, 17, 16, 15, 19, 14, 16, 18, 18, 18, 18, 17, 16, 16, 16, 16, 17, 18, 17, 18, 15, 16, 18, 18, 18, 17, 16, 18, 18, 17, 18, 17, 18, 18]

time_list:  [11.71, 0.95, 3.39, 0.46, 0.18, 2.03, 3.39, 3.27, 4.5, 0.29, 4.0, 6.28, 18.05, 1.65, 4.04, 49.72, 2.07, 1.07, 16.03, 1.99, 14.27, 1.57, 0.67, 0.54, 1.7, 2.79, 10.66, 3.25, 1.09, 0.57, 8.25, 3.84, 0.26, 2.39, 0.87, 51.76, 0.5, 0.59, 1.28, 9.94, 1.54, 1.46, 291.65, 3.28, 0.89, 0.21, 83.86, 11.32, 0.53, 7.4, 2.97, 0.72, 7.31, 0.1, 0.38, 2.79, 14.83, 1.76, 50.39, 4.43, 5.78, 0.39, 55.84, 5.66, 1.77, 4.19, 0.44, 2.45, 0.72, 4.18, 15.81, 1.01, 1.12, 36.75, 0.6, 7.1, 450.1, 8.76, 1.89, 15.68, 566.08, 19.82]

vistited_list:  [947, 99, 426, 48, 28, 293, 403, 408, 487, 60, 507, 629, 941, 183, 461, 1808, 191, 148, 1090, 227, 825, 250, 121, 97, 266, 400, 581, 377, 149, 101, 416, 417, 48, 293, 125, 1937, 93, 106, 214, 517, 192, 202, 4626, 443, 160, 39, 2340, 830, 98, 372, 374, 101, 693, 21, 77, 330, 1059, 206, 1876, 359, 615, 73, 2005, 61, 270, 505, 83, 363, 128, 521, 785, 171, 197, 1547, 119, 287, 6039, 525, 122, 1068, 6587, 1050]




Opdracht D


Completed genomes = 79
TimeLimit was =  600 seconds per genome

Path Value/Cost:

Max =  128
Min =  80
Mean =  103.886075949

Time (seconds):

Max =  494.05
Min =  0.14
Mean =  71.294556962

Visited:

Max =  6475
Min =  25
Mean =  1615.51898734

pathsize_score:  [104, 100, 107, 120, 108, 125, 101, 88, 110, 91, 89, 93, 111, 94, 86, 97, 105, 102, 110, 113, 98, 116, 97, 111, 117, 110, 111, 98, 101, 84, 90, 128, 99, 111, 93, 93, 83, 111, 97, 112, 99, 123, 118, 108, 106, 85, 113, 116, 111, 95, 114, 105, 92, 80, 117, 120, 86, 115, 120, 110, 86, 105, 90, 106, 87, 107, 117, 105, 103, 83, 99, 109, 88, 112, 113, 120, 101, 101, 128]

time_list:  [83.26, 2.42, 1.77, 1.42, 0.36, 43.36, 0.22, 2.3, 1.95, 56.16, 1.01, 4.92, 2.46, 231.65, 302.46, 15.2, 4.14, 60.74, 0.7, 130.87, 1.07, 0.57, 13.5, 494.05, 22.36, 293.94, 179.73, 127.32, 176.46, 1.66, 161.7, 54.46, 6.99, 400.9, 0.24, 1.73, 0.25, 8.14, 27.42, 13.2, 8.46, 151.4, 74.76, 3.0, 21.0, 17.49, 465.03, 359.32, 0.34, 1.01, 67.91, 26.65, 4.2, 0.14, 59.0, 219.14, 28.53, 2.46, 25.43, 194.0, 222.45, 24.46, 0.85, 2.1, 0.8, 9.56, 9.72, 5.58, 236.11, 208.1, 123.79, 66.24, 24.26, 1.47, 5.57, 11.18, 10.46, 2.11, 5.13]

vistited_list:  [2535, 315, 240, 197, 52, 1690, 33, 303, 268, 1828, 143, 421, 264, 4274, 4962, 1028, 483, 2018, 106, 3119, 161, 86, 878, 6475, 1159, 5015, 3770, 3060, 3901, 237, 3520, 1934, 556, 5752, 41, 253, 43, 438, 1404, 880, 228, 3737, 2277, 237, 1211, 1072, 6462, 5533, 49, 130, 2203, 1350, 394, 25, 2145, 4271, 1386, 250, 1328, 3934, 4279, 1305, 139, 125, 115, 341, 804, 545, 4250, 3904, 3130, 2193, 1325, 59, 557, 894, 814, 233, 550]
